ARG=[	-349.0000	-372.0000	-330.0000	-394.0000	-776.0000	-701.0000	-545.0000	-489.0000	-470.0000	-489.0000	-465.0000	-353.0000	-262.0000	-251.0000	-469.0000	-624.0000	-527.0000	-606.0000	-514.0000	-456.0000	-761.0000	-921.0000	-1030.0000	-937.0000	-872.0000	-829.0000	-643.0000	-623.0000	 ; 	%	Coal, peat and oil shale power station (ktoe)
	0.0000	0.0000	0.0000	0.0000	0.0000	0.0000	0.0000	0.0000	0.0000	0.0000	0.0000	0.0000	0.0000	0.0000	0.0000	0.0000	0.0000	0.0000	0.0000	0.0000	0.0000	0.0000	0.0000	0.0000	0.0000	0.0000	0.0000	0.0000	 ; 	%	Crude and Oil products power station (ktoe)
	-1708.0000	-2195.0000	-2041.0000	-1768.0000	-1367.0000	-919.0000	-1003.0000	-687.0000	-1051.0000	-1081.0000	-909.0000	-355.0000	-261.0000	-370.0000	-1178.0000	-1464.0000	-1946.0000	-2666.0000	-3419.0000	-3375.0000	-3898.0000	-4528.0000	-4660.0000	-4632.0000	-4450.0000	-5199.0000	-4886.0000	-2740.0000	 ; 	%	Natural gas power station (ktoe)
	-5225.0000	-5537.0000	-5414.0000	-5781.0000	-5806.0000	-6767.0000	-8357.0000	-8031.0000	-8396.0000	-10130.0000	-10692.0000	-9020.0000	-8313.0000	-9650.0000	-10974.0000	-10607.0000	-11355.0000	-12510.0000	-13228.0000	-13246.0000	-12605.0000	-13472.0000	-14795.0000	-14024.0000	-14353.0000	-14665.0000	-15579.0000	-16727.0000	 ; 	%	Sum: Coal, Crude and NatGas (ktoe)
	0.6600	0.9260	0.8340	1.1800	2.2862	1.9080	1.9170	1.8959	1.8080	2.1060	1.7810	1.3620	0.8110	0.9370	1.6780	2.1800	1.8201	2.2583	1.9370	1.7550	3.0130	3.6740	3.9361	3.5450	4.0473	3.3030	2.5450	2.4360	 ; 	%	Electricity production from coal sources (TWh)
	19.8720	21.0010	20.8190	21.9790	21.3096	26.5070	32.4110	31.9221	34.0085	45.4616	48.5870	42.9950	40.2715	47.5880	54.8909	55.3260	45.1553	52.8948	65.9320	62.4590	62.6090	58.0650	65.1158	65.6810	67.5335	71.3670	75.3560	82.5970	 ; 	%	Electricity production from natural gas sources (TWh)
	4.9440	7.6190	7.6610	6.6930	4.4370	4.5850	4.6240	2.0419	3.8101	3.8310	2.8830	1.0040	0.7590	1.0110	4.0389	5.7460	7.3351	10.5824	14.3700	14.2760	16.6630	19.5910	19.9321	19.8440	19.5851	22.3570	20.9610	11.4600	 ; 	%	Electricity production from oil sources (TWh)
	25.4760	29.5460	29.3140	29.8520	28.0327	33.0000	38.9520	35.8600	39.6265	51.3986	53.2510	45.3610	41.8415	49.5359	60.6078	63.2520	54.3105	65.7355	82.2390	78.4900	82.2850	81.3300	88.9841	89.0700	91.1659	97.0270	98.8620	96.4930	 ; 	%	Electricity production from oil, gas and coal sources (TWh)
	50.7400	53.6230	55.8810	61.5760	62.8080	67.0150	69.6860	72.2960	74.0130	80.4680	88.9100	90.1150	84.4540	92.0280	100.1630	105.4910	97.5480	103.6200	121.6040	121.9190	125.2630	129.5550	134.7760	139.1710	141.5860	145.4470	147.2200	145.6400	 ; 	%	Electricity TOTAL production, including renewables  (TWh)
	1.5600	0.0000	0.0000	0.0000	0.0000	3.1335	0.0000	0.0000	0.0000	0.0000	0.0000	0.0000	0.0000	1.1220	0.0000	0.0000	0.0000	0.0000	2.2976	0.0000	0.0000	0.0000	0.0000	0.0000	0.0000	3.7056	0.0000	2.7848	 ; 	%  Coal  CO2 emissions from electricity and heat production, total (Mt)	
	12.2788	0.0000	0.0000	0.0000	0.0000	15.9025	0.0000	0.0000	0.0000	0.0000	0.0000	0.0000	0.0000	22.6775	0.0000	0.0000	0.0000	0.0000	31.0858	0.0000	0.0000	0.0000	0.0000	0.0000	0.0000	34.4628	0.0000	39.3085	 ; 	%  NAt Gas     CO2 emissions from electricity and heat production, total (Mt)	
	6.1704	0.0000	0.0000	0.0000	0.0000	2.1597	0.0000	0.0000	0.0000	0.0000	0.0000	0.0000	0.0000	1.4330	0.0000	0.0000	0.0000	0.0000	11.0099	0.0000	0.0000	0.0000	0.0000	0.0000	0.0000	17.5316	0.0000	8.9067	 ; 	%  Oil     CO2 emissions from electricity and heat production, total (Mt)	
	20.0092	0.0000	0.0000	0.0000	0.0000	21.1956	0.0000	0.0000	0.0000	0.0000	0.0000	0.0000	0.0000	25.2324	0.0000	0.0000	0.0000	0.0000	44.3933	0.0000	0.0000	0.0000	0.0000	0.0000	0.0000	55.7000	0.0000	51.0000	 ; 	%   Total    CO2 emissions from electricity and heat production, total (Mt)	
	9.5700	9.8440	9.8580	10.0260	10.2590	10.8920	10.8096	11.5910	12.8840	12.8860	15.3220	16.8820	17.0170	17.7300	17.3060	17.3190	17.3770	18.1260	19.9260	20.9760	21.7560	21.7830	23.8200	23.8970	23.7100	25.5410	0.0000	0.0000	 ; 	%	Capacity GW Fossil Fuels
	17.1120	17.3910	17.2430	18.1150	19.1990	20.1680	20.5216	21.7080	23.1660	23.4230	25.8592	27.4290	27.7140	28.4450	28.1390	28.7410	28.7990	29.5790	31.4740	32.5630	33.3610	33.5020	35.5879	35.7521	36.3390	38.1910	0.0000	0.0000	 ]; 	%	Capacity GW Total
